1.0 0.0 0.0 0.0 0.0 1.0 0.0 0.0 0.0 0.0 1.0 0.0
0.9999993378983727 -0.0011314894882252994 0.00020960523342488353 0.002034713288391554 0.001131204113983486 0.9999984399565599 0.001356636170280349 -0.034192979770886756 -0.0002111399259976326 -0.0013563981657469706 0.9999990578015298 1.6570238903657604
0.9999971308562606 -0.0023393077781761378 0.00051567273132793 0.004955132499134849 0.0023382299693529914 0.9999951012779511 0.002080889403767601 -0.0682944220984103 -0.0005205380459583089 -0.0020796776719620266 0.9999977019878213 3.332991952392486
0.9999905340363442 -0.00433574683805787 0.00036487951931891293 0.009251542755453295 0.0043353444985600705 0.9999900013807309 0.0010963241513887584 -0.10065927454800591 -0.00036962925500039044 -0.00109473189520747 0.999999332467923 5.004845335135351
0.9999843254273061 -0.005599005790750411 -5.8181311134805065e-06 0.011750114791429109 0.0055990088113717085 0.9999837553782045 0.0010677453037429559 -0.13286790620192618 -1.602755385623053e-07 -0.001067761143058944 0.9999994299428954 6.621268306542702
0.9999803890161668 -0.00625283828870377 -0.00035156281212684877 0.01263371122077282 0.006253450625921331 0.9999788831468113 0.0017685066370643088 -0.16513274133238054 0.00034049720221249603 -0.001770670435596786 0.9999983743926105 8.228391479219558
0.9999714792603529 -0.007503147491680503 -0.0008622317434481976 0.01395920279563676 0.00750572162082082 0.9999672652598262 0.0030220112070032793 -0.1969806887779436 0.0008395289227084492 -0.003028396688447391 0.9999950619901505 9.846105162803704
0.9999701679751288 -0.007516197000767923 -0.0017804332164176168 0.011962405986153205 0.007523746158435667 0.99996257087405 0.004272012956898908 -0.2245699140282563 0.001748257285384629 -0.004285281041674501 0.999989289924076 11.338895091382927
0.9999784187617068 -0.006100711377251604 -0.002437894896813304 0.006890449327599084 0.006107622083747442 0.9999773228460106 0.0028373836905903524 -0.24848800075813895 0.002420529553332507 -0.0028522121970464293 0.9999930029366525 12.692105244081496
0.9999900231263358 -0.003561875365984429 -0.002695680186389985 -0.00030504118522225836 0.003563534792423756 0.9999934639068022 0.0006110347438739889 -0.2724385779040274 0.0026934861375710905 -0.0006206347977909936 0.9999961799651407 14.029720707112606
0.9999972033790321 -0.0011225753816167972 -0.002081600015987603 -0.006826611537669073 0.0011220446495479694 0.9999993377105382 -0.00025611382036966205 -0.29646415997872416 0.002081886144435489 0.00025377745595594336 0.9999978006711233 15.323508124240385
0.9999997684246009 0.0006664791881429177 0.00013768164442436187 -0.009448674235795988 -0.0006664695627683065 0.9999997754630241 -6.994442421648966e-05 -0.3181610721796804 -0.00013772823001280697 6.985264739372032e-05 0.9999999880757706 16.513360049730803
0.9999930455262862 0.0011200302150072932 0.0035573067592993357 -0.006477404881781 -0.0011241103046043782 0.9999987124822461 0.0011451680543596175 -0.33634878882859587 -0.003556019556381583 -0.0011491588955032535 0.9999930170549927 17.62281883026937
0.9999742146933789 -0.001408677037483239 0.007041702731876947 0.004779866371493217 0.0013835737426795937 0.9999926755682613 0.0035685478178843822 -0.35326223638200327 -0.007046678086774176 -0.0035587130867811264 0.9999688394590638 18.702536876609408
0.9999262108708415 -0.005209996456347355 0.010974003390093941 0.022360922732579322 0.005142681697533895 0.9999678441399011 0.006153333336970601 -0.3692331376433083 -0.011005709356456544 -0.006096443481479335 0.999920850736916 19.775821735639955
0.9998621151015671 -0.0074797505449595144 0.014825792269060487 0.04223623068694725 0.007412003763805043 0.9999618617997689 0.004619214884022278 -0.38343911387479845 -0.014859777415072394 -0.004508689135947488 0.9998794220992095 20.84115086985479
0.9997884741246884 -0.00818391638557493 0.018868771025704886 0.0643101902575917 0.008138429211321433 0.99996379162912 0.0024862422821516138 -0.39878999342654187 -0.018888435017196947 -0.0023321542202793134 0.9998188776369914 21.922012936426047
0.9996776562292662 -0.007527999541318642 0.024246914419495197 0.0911673000486982 0.007490571697642057 0.999970610144868 0.0016340691974706186 -0.41582790402512826 -0.024258503078362057 -0.001451919214538046 0.9997046648680753 23.038001058128255
0.9995463148081525 -0.0052016459336343855 0.029666604676345253 0.12229460147515796 0.005090746838047184 0.9999797744227864 0.0038124850142283377 -0.4337010199336679 -0.029685835849313013 -0.003659730172281541 0.9995525786695731 24.207430895682435
0.9993771404386569 -0.0037046978319478186 0.03509424999379272 0.15728895996201595 0.003407181299527617 0.9999577830073607 0.008533657984476441 -0.4486309805234589 -0.03512438304433273 -0.00840877024170778 0.9993475723184485 25.25534015254826
0.9991626032034989 -0.008237705955717699 0.040077831281074776 0.20730052853974743 0.007862721102835576 0.9999239128083629 0.009505062381297079 -0.4592893903173706 -0.040153081780433565 -0.009181982062738847 0.9991513505114893 26.348207511860284
0.9990513764847218 -0.012044088792187954 0.04184838191792869 0.26443560673526684 0.01169080597950788 0.9998940162878988 0.008676476658471731 -0.4741900789817065 -0.04194844692634556 -0.00817900463512489 0.9990862984165312 27.57093776209847
0.999029437636231 -0.012281453055230235 0.04230069322231254 0.3167380421533453 0.012008954303876815 0.9999055096660138 0.006690049033964425 -0.48911669648311284 -0.04237885973882992 -0.006175568832231227 0.9990825264195319 28.802150398296526
0.9989953063760522 -0.013593709913882056 0.0427034997323897 0.37837761428583533 0.013396758348152595 0.9998982783430711 0.00489487817244688 -0.5087331167682226 -0.04276569541558029 -0.004317871853021798 0.9990757985649947 30.198857196144324
0.9990081300420985 -0.0099128729239266 0.04341072517458395 0.43429823968408887 0.009729514112564813 0.9999428406068365 0.004433066011688032 -0.5315207483982617 -0.04345218826391341 -0.004006303723466858 0.9990474747806293 31.618360203968226
0.9989349000635142 -0.010211653211054073 0.04499763964691316 0.4946545615785 0.010106583567982223 0.9999456453605823 0.0025618924629074347 -0.5520837772248478 -0.04502135497383072 -0.002104391385954432 0.9989838082437643 32.9535698053456
0.9988688990262382 -0.0095672673714842 0.04657671041574745 0.5547368211679087 0.009421275191704487 0.9999499973406273 0.0033529676767130425 -0.5737084521795812 -0.046606460194612884 -0.0029103631253578374 0.9989090887836617 34.26976611195108
0.9987782556257457 -0.011372136249586051 0.04809023400143564 0.6201479632329231 0.011127513921075135 0.9999237675367045 0.005351406276719422 -0.5940618966087976 -0.04814742488574299 -0.004809743477887757 0.9988286599034629 35.57660578079209
0.99878029445498 -0.010156350212100249 0.048319478047600985 0.6893516764521975 0.009817974943009147 0.9999256277768053 0.0072350731289096545 -0.6160811800918341 -0.048389366357102316 -0.006751849045365071 0.9988057277358927 37.05615712696076
0.9988088419312477 -0.0083450741930617 0.0480755344918008 0.7547409209835789 0.007958034793061088 0.99993441320203 0.008236441983357677 -0.6362745029532647 -0.048141115090870726 -0.007844044302850631 0.9988097436482998 38.47071155551578
0.9988037656940477 -0.006660203112365618 0.04844253636930918 0.814214167042664 0.006275020141713489 0.9999475131662533 0.008099076172470458 -0.6526693426658893 -0.04849393526628765 -0.007785409888273327 0.9987931345555295 39.766143627151884
0.9988261041991334 -0.004414463423999785 0.04823822222118159 0.8759601850333879 0.004002863259852758 0.9999547841905971 0.008625929518598661 -0.6707181299155036 -0.04827411994127753 -0.008422712568708428 0.9987986119618306 41.13891271724464
0.9988013243168774 -0.004613344711669714 0.048730191805734215 0.9388391844854843 0.004181998282865546 0.9999512031964886 0.008949978561872773 -0.6877271385048532 -0.04876910326440754 -0.008735460861750899 0.9987718790045694 42.43891140403101
0.9987546389497723 -0.00462505188993995 0.04967675584542236 0.9996174811470847 0.004182559892045327 0.9999506826619287 0.009007687644079457 -0.7023443363424838 -0.04971596694282226 -0.008788693814168911 0.9987247275861255 43.67597384477831
0.9987986251497097 -0.005990775672589402 0.048635552900023346 1.0669192892555122 0.005589163868664922 0.9999491884930046 0.008389378965819226 -0.7183735501094496 -0.048683340541703465 -0.008107468101918784 0.9987813581133145 45.02053347242017
0.99887394133633 -0.006741336006287898 0.04696172599124605 1.1334576515694255 0.006341173946005497 0.9999423537121465 0.00866480037854765 -0.7362122072846177 -0.04701743115285064 -0.008357250831697275 0.9988591079458217 46.41958072968207
0.9989568684923779 -0.006265881974409498 0.045231776606549284 1.195917174359287 0.005832210745332796 0.9999358158551648 0.009713366454955165 -0.7531819216024611 -0.045289736251429354 -0.009439432882805712 0.9989292952442259 47.81711184334751
0.999121690727805 -0.006463974925554191 0.04140125777526588 1.251108217169476 0.006047735394110502 0.9999299837705846 0.010171157906617207 -0.7683344367385665 -0.04146410512497564 -0.009911840632310698 0.9990908284042365 49.142246628637054
0.999309184554266 -0.006268865785983621 0.03663133886776775 1.2984667998389379 0.005897313620097826 0.9999301562988306 0.01024227593178142 -0.7824166540955588 -0.036692987852641794 -0.01001917391574097 0.9992763585697858 50.446100036166754
0.9994524325985426 -0.0055387590957364586 0.032621421191218 1.3460264926448104 0.005173949564014999 0.9999232527762176 0.011256944671514123 -0.7994668827362951 -0.03268126709239531 -0.011081999147622142 0.9994043846592461 51.93898626507508
0.9995229919936816 -0.007308748955202169 0.030006177109183355 1.3970474993361146 0.006949543322782425 0.9999031502406085 0.012057942880583376 -0.8173716250214818 -0.030091399495580446 -0.01184366191751826 0.9994769808999 53.53740133347467
0.9995730659539883 -0.008843543125265963 0.0278473978018466 1.44399769933867 0.008514677563902093 0.9998928670297383 0.011906079498820318 -0.8341421918844543 -0.027949706354906713 -0.011663884774851316 0.999541278640673 55.12613333922564
0.9996404014873971 -0.011912525279921468 0.02402414318076716 1.4851605564865666 0.01164013102254728 0.9998667335488541 0.011446505673022342 -0.8496078527761233 -0.024157298356660296 -0.011162745352279261 0.9996458463137362 56.59090535001142
0.9997144832314925 -0.012238744622199309 0.020522308526627498 1.5149130538454112 0.012000541003395593 0.9998596519045236 0.011690316890095885 -0.864646033617466 -0.020662503062681487 -0.01144070030363647 0.9997210467644191 57.998438906302894
0.9997103905040169 -0.015124691499898242 0.018718408728792994 1.5462855568900016 0.01489270964579312 0.9998113202633755 0.012471209749343877 -0.8788909200201664 -0.01890350014445338 -0.01218883014234488 0.9997470130498256 59.38980704540674
0.9997058010579151 -0.01671690822465591 0.017574308252667474 1.5721956229103753 0.016478512499431035 0.9997714043283007 0.013623425164893352 -0.8905989063633531 -0.017798032390054813 -0.013329818709411837 0.999752742419952 60.731152218380934
0.9997212152956085 -0.020700892021497386 0.011356265116012752 1.5942115506310246 0.020547937245289142 0.999698743348637 0.013424038964486481 -0.9003804949455074 -0.011630733546708138 -0.013186948724807333 0.9998454032601707 61.912420550836124
0.9997565896627647 -0.02204732266083659 0.0008227936356101116 1.5962771232156903 0.022034767534761315 0.9996726130662535 0.0130052183748658 -0.9069697242376393 -0.0011092545095099742 -0.012983922703785605 0.999915090047977 63.063797506014964
0.9996632600119283 -0.022504078425123378 -0.012920256830228774 1.5836079757814758 0.022669368466004456 0.9996611693826968 0.012792425953342698 -0.9173926248339058 0.012627997294729632 -0.013081012294739628 0.9998346967382495 64.24668977412874
0.9994052110538936 -0.02162262647404927 -0.026864216770365615 1.5492114466126403 0.02196768778136705 0.9996790698111986 0.01261657936830266 -0.9275271492839531 0.026582791649144462 -0.013199219892859078 0.9995594708582157 65.4467681352075
0.9992855169059336 -0.019002791922266622 -0.032670316821228375 1.4981946260954908 0.019469284093956866 0.9997121458988993 0.014020425067965412 -0.9409005172774203 0.03239448531631881 -0.0146464753909148 0.9993678392262342 66.88485896461366
0.9992759241752521 -0.01588104801347047 -0.0345748416871183 1.44210251769198 0.01641797958484271 0.9997481267266972 0.015301406889952273 -0.9556517636925377 0.03432313083107561 -0.0158579765561069 0.9992849679993678 68.39194667192321
0.9992645801309832 -0.012878887933951647 -0.03611693704114489 1.3833721715864742 0.013462917099565425 0.9997817637028672 0.015974192635451474 -0.9680141420331158 0.03590332517775387 -0.016448684226071014 0.9992198917297483 69.87638824483987
0.9992571801469446 -0.009174302650444372 -0.0374288671436125 1.3209973569814846 0.009769496604396974 0.9998282290150914 0.015750219066494354 -0.9806255434798573 0.03727794067371237 -0.016104180681547734 0.9991751650755245 71.37622656339458
0.9992502712451689 -0.006102067242967172 -0.03823166477958205 1.2546445711089775 0.006687273705662039 0.9998621453831575 0.015197716939554568 -0.9939895421998713 0.03813365687737784 -0.015441988380761378 0.9991533261757202 72.9673644012304
0.9992532161888859 -0.004674126362201718 -0.038355735932417104 1.186166040530578 0.005251752145428715 0.9998741094409277 0.014972787620021617 -1.0082492134120657 0.03828092260604652 -0.0151630410030923 0.9991519669959953 74.6675534206533
0.9992510573838902 -0.004327657592543848 -0.038452512231820016 1.1196467892242132 0.00492698425726155 0.9998676498518771 0.015505083224927958 -1.0229383822978924 0.03838032234498903 -0.01568292572975281 0.9991401286592625 76.36492087361157
0.9992490047806634 -0.005011154263993453 -0.038422841875573134 1.0541136293562132 0.005612450298435142 0.9998632216616279 0.015557582398202839 -1.0367054393772264 0.03833962501773366 -0.01576154501854864 0.9991404540164137 78.0732244159401
0.9992506032712367 -0.0061378951301153655 -0.03821724879475794 0.9876502861768652 0.006695635613744083 0.9998726960592481 0.014483098388722459 -1.0503759137053856 0.03812348784931253 -0.014728133574257092 0.9991644918408679 79.83100098948417
0.999276793131042 -0.00699520795006178 -0.03737589832332118 0.9219121709278351 0.007540228954162322 0.9998670013001699 0.014461143050373576 -1.0659466593938585 0.03726976867460622 -0.014732507483111897 0.9991966360863104 81.59877246942848
0.999331013130328 -0.007287538508126828 -0.035838777579654965 0.8589112802765928 0.007802961944011019 0.9998678323502498 0.014262945562249066 -1.080272272370065 0.03573009908762811 -0.014533052456519 0.9992557982846442 83.32879126997119
0.9993572833545934 -0.0074218371050408195 -0.03507045109650157 0.8040907410373834 0.007919586059925246 0.999869574625915 0.014075293745766446 -1.0928373479598184 0.03496141248241128 -0.014343990775806203 0.9992857196847431 84.86801547337433
0.9993861594796117 -0.0070065286769830275 -0.0343251044643707 0.7510329772720068 0.007512645580953869 0.9998646341561461 0.014638084579941132 -1.1053085115517123 0.03421789585825403 -0.014886971474855133 0.9993035142955005 86.35608884057254
0.9993965365633388 -0.007708643124487147 -0.03386944827394887 0.6997613927926485 0.00824034319273986 0.9998445578650249 0.015587073226151014 -1.1181575987231693 0.03374402834974307 -0.015856762874900565 0.9993047100969044 87.87777070598412
0.9993742646850832 -0.009586390017077381 -0.03404673569652012 0.6474662675848468 0.010153035363744671 0.9998121592919876 0.01650945198344304 -1.1299149367057788 0.033882074287899876 -0.01684479914785392 0.9992838724724893 89.48140741050423
0.9992712952149027 -0.01190512767910125 -0.03626494856571215 0.5907845900694741 0.0125253157477308 0.9997783453429002 0.01692266671744277 -1.1418202723388193 0.03605544376303104 -0.017364565020589934 0.99919891756181 91.14088549372667
0.9991387574419066 -0.013665440987040646 -0.039179064563505644 0.5303865366596354 0.01432642978644985 0.9997589005620523 0.016640136914348944 -1.1544902738264051 0.03894222370404075 -0.01718710183783366 0.9990936426298572 92.7521592189854
0.9990041983307187 -0.015014572795317269 -0.04201397769042013 0.46644010796381896 0.015695121213934692 0.9997501498928276 0.01591543148478258 -1.1671163969144898 0.041764517088994285 -0.016558997344073397 0.9989902525646979 94.31913234906823
0.998928289183845 -0.015095136501443592 -0.043753970359702465 0.4012190353975693 0.015779054208547524 0.9997580079430057 0.015327981018842607 -1.1808713627566412 0.0435120042806425 -0.016001950125939832 0.9989247434494974 95.81038916676518
0.9988853249529509 -0.014844639307121033 -0.044807859550275206 0.33397200123930915 0.015535470852665908 0.9997651564741235 0.015108972355996687 -1.1934791697430847 0.04457304946962543 -0.015788241957538564 0.998881361662567 97.29731935872
0.9988347919830509 -0.015336066176547014 -0.04575875215084367 0.26599540724628573 0.016033894117111272 0.9997600912967752 0.014922268249233069 -1.2063768757655773 0.045518925334579574 -0.01563857168955577 0.9988410596846184 98.79656230670265
0.9988029071998274 -0.014689151752500613 -0.04665813315985511 0.19112241868843335 0.01536188945153181 0.9997826800838943 0.014092727086731748 -1.2203400146924266 0.04644098321148761 -0.01479261386821798 0.9988115005611877 100.38464628025494
0.9987646454798206 -0.0134835852197967 -0.04782651847236152 0.11221352439743815 0.014187728305969375 0.9997954507109209 0.01441405922214753 -1.2344081110284486 0.04762238239612387 -0.015074802398839612 0.9987516503253194 101.99588079197176
0.9987234496626706 -0.013179409549580242 -0.04876242670148186 0.03512242921602045 0.013957486751671215 0.9997801005300899 0.01565053186371329 -1.2480134329145034 0.04854543910059807 -0.016311154096648562 0.9986877823396866 103.55799512796332
0.9986801261151261 -0.012071612316856719 -0.04992275912592524 -0.044421416356988694 0.01294295249592415 0.9997688522728493 0.01716746940334684 -1.2609716597912464 0.04970398055852151 -0.017790958408644315 0.9986055257785909 105.1098132101024
0.9985906503906343 -0.012979534157190921 -0.05146109837023129 -0.12139162825748623 0.013822758025564801 0.9997754185818649 0.016063740536407585 -1.27232170510521 0.051241041294795966 -0.016752435420459146 0.9985457984461727 106.62752682430272
0.9985311579633414 -0.013432481113559982 -0.05248899910953073 -0.2034970435134884 0.014161656477535844 0.9998079743700469 0.013544809776178496 -1.2848095171794778 0.052296979474905865 -0.014268245764439568 0.9985296405718773 108.2011768220176
0.9984729625506287 -0.014728265792332232 -0.05324303937717694 -0.29217118078655674 0.01541729209347381 0.999802336888531 0.012553655114522043 -1.3003114543037366 0.05304762162315765 -0.013355348703057946 0.9985026712538841 109.90586224426514
0.9983915788275464 -0.01614959150290539 -0.05434561638740594 -0.38667935771874096 0.016936104559693715 0.9997579503658781 0.014043113705983755 -1.3187211874117106 0.05410567150106277 -0.014940929506069994 0.9984234296814705 111.69392788190162
0.9982776217463453 -0.018148936867469972 -0.05578894165549001 -0.4822940485394252 0.019074806596060083 0.9996882863313479 0.016108442668781885 -1.3353218918713523 0.0554792003707874 -0.01714486110970629 0.9983126324272088 113.47674040451493
0.9981510135865199 -0.019748519371456125 -0.057485216002344144 -0.580061212612318 0.020754982927768506 0.9996406606290341 0.016964088564190186 -1.3500847453719913 0.05712954366935705 -0.018125826871645673 0.9982022188115725 115.23678257963188
0.9980574081333188 -0.020431757118381237 -0.05885535974960076 -0.6819381464030738 0.021395730158876733 0.999646303480709 0.015795273606992646 -1.3640504412115868 0.05851181761975929 -0.017023843232557782 0.9981415510639866 116.99875109046495
0.9980850751974643 -0.017802957818625186 -0.05923881633674186 -0.7918426537186054 0.018635479402133146 0.9997347809188931 0.01353095445646433 -1.3796500032040444 0.05898221406087303 -0.014608987437823774 0.9981521306446802 118.78554607602442
0.9980630893703196 -0.016364331636116728 -0.0600189827194287 -0.8995253441129554 0.017091874224375577 0.9997862994029674 0.011628558019648752 -1.3982570840377668 0.05981586304710492 -0.012631871445728091 0.9981294997903354 120.56975295291589
0.9980176808832674 -0.013950148079261922 -0.061368575125629245 -1.0125245114999153 0.014704154797925756 0.9998216418680674 0.011852100401144011 -1.4170132882451154 0.06119229098556424 -0.01273097878432078 0.9980448014508808 122.37413810571206
0.9979534377417708 -0.013151629605272655 -0.06257771758466739 -1.131988118607439 0.014048348191557357 0.999804540503667 0.013911315586193533 -1.435498804165575 0.06238252970559494 -0.01476195877841486 0.9979431369374471 124.28642560439887
0.9978888115480574 -0.012026797425507446 -0.06382222129391962 -1.2516599827100992 0.013094936326196542 0.9997806688532808 0.016344321028957658 -1.4523867076651709 0.06361165325486433 -0.017145563011186783 0.9978274335972174 126.15030405502097
0.9978428836833931 -0.01249287881141222 -0.06444771106418715 -1.3653979295102217 0.01362111526035849 0.9997610565405506 0.017096638382580603 -1.4652538236773751 0.06421872547375575 -0.01793760864563798 0.9977746225950024 127.9277169269487
0.9978004422998245 -0.01234847705373005 -0.06512904467844745 -1.4780064780823812 0.013439402734340373 0.9997761884311558 0.016338772910246817 -1.4765809084047792 0.06491270908241235 -0.017178130297617163 0.9977430791737204 129.65373632963633
0.9977667925684028 -0.011018400596192001 -0.06587884710635616 -1.597145524192704 0.012101296675468654 0.9997977762738689 0.016061294362443457 -1.4886751627614867 0.06568855506504234 -0.01682264563398403 0.9976983573843032 131.4291677685639
0.9977205007200114 -0.008286066754422032 -0.06697121426963705 -1.725284252967476 0.009368232713117064 0.9998303212209841 0.01586080019967658 -1.5025341396006857 0.06682842702653752 -0.016452047437399357 0.997628834525282 133.28867082912825
0.9976304716416482 -0.007750862131983127 -0.06836202299721986 -1.8534740987290226 0.008791148482026865 0.9998498998443132 0.014929617867910508 -1.5154636522124267 0.06823604443714755 -0.015495222409693431 0.9975488661324026 135.15867912444014
0.9975185334498444 -0.007157917333258616 -0.07003955770505817 -1.987719766973545 0.008166039524182335 0.9998669916994227 0.014117886117746914 -1.5303618784269681 0.06992918720076344 -0.014654798852062577 0.9974443070407701 137.0691723539379
0.99740304588367 -0.008542073962219872 -0.07151361432901894 -2.1320198431705046 0.009555143172327097 0.9998586221323418 0.013836003272937254 -1.5477941477660926 0.07138531572341764 -0.014483394630968408 0.997343655907545 139.1283721482653
0.9973271343565893 -0.008690534266469867 -0.07254696196420167 -2.2836007445346813 0.009787968609240498 0.9998427808618392 0.01478543976235736 -1.5665171954940478 0.0724070628224659 -0.01545600765479521 0.9972553981206592 141.23270117511095
0.9973094460260884 -0.008944942394999666 -0.07275889548835458 -2.434527963506872 0.010165450912324259 0.9998134779551194 0.016421720586920124 -1.5830112550421644 0.07259843300570808 -0.017117164041858323 0.9972143552016669 143.3153801655745
0.9973364752082579 -0.010094646373648347 -0.07223609439717711 -2.5825776687287125 0.01129929274006131 0.9998035049332502 0.01628734191822023 -1.5967378973813686 0.07205748540395567 -0.01706017695622188 0.9972545658754729 145.37628882127825
0.9973224879492311 -0.0120369564223836 -0.07213159301470859 -2.7148799057313924 0.013260480328057012 0.9997758047384359 0.016507571628797922 -1.6096516815660287 0.07191672053301043 -0.017419871977035855 0.9972585087970304 147.25685616019504
0.9972185891972489 -0.013079495101024676 -0.073375828222576 -2.8455821015666793 0.014396668200017455 0.9997440674866658 0.017450944672240162 -1.620818842760385 0.07312879941709222 -0.018458773879032497 0.9971516696885653 149.06934079431156
0.9970565980546577 -0.014581303230486311 -0.07526968760245846 -2.9757848151434945 0.01592440840305037 0.9997239615763013 0.017274659683971363 -1.6300441419371554 0.07499702322548493 -0.018422438662804012 0.9970135707506832 150.84006478157806
0.9969638532217345 -0.016047670606621108 -0.07619414437718394 -3.1060114739272304 0.01740931184915613 0.9996998007976904 0.017240189847984862 -1.6400209902152916 0.07589460606794518 -0.01851433372166325 0.9969439443703091 152.58422586399914
0.9970010559557226 -0.01707428106668834 -0.07548088068661869 -3.224650039321054 0.018498273484143714 0.9996631054265493 0.018206853848238853 -1.6489519137921802 0.07514458264757114 -0.01954851848609076 0.9969810164309634 154.17854849601625
0.9971187871014279 -0.018906051478632155 -0.07346213736927269 -3.322497192306595 0.020325993735399613 0.9996198247083845 0.018629547193754092 -1.6537033279721995 0.0730819977015069 -0.020069062446041813 0.9971239914596824 155.53619568468824
0.9972450319150887 -0.01910432350344576 -0.07167545705572301 -3.4181620513284994 0.02050969968791771 0.9996105608642183 0.01892297089338476 -1.6585902316150174 0.07128603327007695 -0.020340880811708918 0.9972484896094939 156.8696058242896
0.99727690807106 -0.019495199207717355 -0.07112457968997098 -3.515345028610601 0.02084796755850398 0.9996146649885705 0.018327132576174472 -1.663113172032408 0.07073988179876446 -0.019760029039364444 0.9972990576429196 158.23223359486283
0.9972911396115532 -0.019439810634269587 -0.07093995076676238 -3.625706269354653 0.020786331405512327 0.999616583447524 0.0182924717683818 -1.6702502084852953 0.0705571490281965 -0.019717501342730315 0.9973128440272931 159.78358323015175
0.9972453759904262 -0.02132534686996918 -0.07104146427676335 -3.7419857355410167 0.022540490807909597 0.999612274171812 0.016347097577066365 -1.67751489236069 0.07066531214004278 -0.017903376942104567 0.997339401986212 161.46510305671615
0.997072451787189 -0.02663830716597942 -0.07167235504999453 -3.8543164110641515 0.027844766116151803 0.9994860095225137 0.015886653791665196 -1.6863344976456864 0.07121232257845785 -0.01783584481011076 0.9973017034743735 163.1570417820146
0.9967584217003403 -0.032991432855429326 -0.07337720441384157 -3.9625415919955778 0.03445315284456107 0.9992305147066683 0.01874456556217198 -1.696405776687928 0.07270233165803071 -0.021211879624185786 0.9971280896325664 164.80174689770914
0.9963853283902694 -0.03874434104890439 -0.07559863362058693 -4.067794632631247 0.040378798125853876 0.9989799880076763 0.02021227899306076 -1.7020184761006671 0.07473841067700783 -0.02319180020757266 0.9969334533320686 166.33772376156742
0.9960736060315146 -0.04211859301939471 -0.07786780778627622 -4.177729354307383 0.0436166348836926 0.9988926332629187 0.017637924324990926 -1.707006406970312 0.07703869500969301 -0.02096500262671224 0.996807658546052 167.84052554261655
0.9958878692375552 -0.04159093111423764 -0.08048320541909187 -4.296723937639316 0.04286378587841982 0.9989806908226064 0.014151862907632156 -1.7147350550380902 0.07981257899385259 -0.017543483480716607 0.9966554963585509 169.32841851614026
0.9957723578181849 -0.03897187846451748 -0.08317814673433396 -4.4269963629105 0.040179154470499086 0.9991093517841538 0.012889481117670937 -1.7266591378511489 0.08260173697475902 -0.016177016609804803 0.9964513320691363 170.87383466365148
0.9954040479802452 -0.0387216095016502 -0.08758663266812913 -4.560516798029154 0.040030021852083514 0.9991108728164106 0.013231068382805149 -1.7393843718374407 0.08699642874889621 -0.016676353847003302 0.9960690340570298 172.43767158923305
0.9948814196362361 -0.04089312591338947 -0.09240515740810984 -4.693467255781645 0.04259822767193601 0.9989551118888559 0.01655522365696432 -1.7495983722315285 0.0916316095121971 -0.02040678034756781 0.9955838545567355 173.9471555920612
0.9944034593306206 -0.04510134289567151 -0.09553862538418544 -4.827337046813761 0.04723306010853699 0.998680258297668 0.020168780808085335 -1.7575616741906916 0.09450289997706936 -0.024568487041499325 0.9952213780563658 175.44960920476737
0.9937512220079333 -0.04859007845503837 -0.10048638232850299 -4.9642671631226625 0.05099816853054937 0.9984665502629853 0.021534502837567103 -1.761945595995384 0.09928592832958016 -0.026524559971179834 0.9947053594678501 176.90363768746633
0.9932225737397227 -0.048958064271810084 -0.10541359948600887 -5.1119623533564 0.05153610228493673 0.9984316064156016 0.0218713847672267 -1.7659674912898549 0.1041774888117193 -0.02715575911509097 0.9941879176351741 178.33670120952928
0.9929971990019641 -0.04733593761079055 -0.10823988074993256 -5.271011567577093 0.050070784662264174 0.9984879340427303 0.022688369143334594 -1.7703658386920018 0.10700223968477217 -0.02794914277015286 0.9938658692805852 179.80480608599
0.9928343679697939 -0.04388195934349628 -0.11114986019871859 -5.4364084935119354 0.0466807044250729 0.9986518395641669 0.02270275686967118 -1.7739914845653841 0.11000377090081008 -0.027728631038696425 0.9935443087292681 181.25673461661185
0.992731819597368 -0.04058329469921191 -0.11329841371464464 -5.615931471094548 0.043199488599882346 0.9988513480955417 0.02073134323739318 -1.7781023364389568 0.11232692706384555 -0.025475097626405457 0.993344693878875 182.80348401869705
0.9926556900365013 -0.037407164605300254 -0.1150451436365278 -5.807182756063932 0.040015124378776086 0.9989899280218973 0.020442933540842555 -1.7842998815961268 0.11416422758074618 -0.024896340032145206 0.9931498886844289 184.4366951380763
0.9926032263668535 -0.035011673456087196 -0.1162455062697786 -6.004799121339397 0.03780698212508033 0.9990444250905158 0.021928720850845376 -1.790377424621849 0.11536666376690735 -0.026161410844309625 0.992978405341187 186.1213281756489
0.9925841609305063 -0.03231283280082438 -0.1171860243641218 -6.215530559153527 0.03520104520765002 0.9991233094813833 0.022660513393497044 -1.7940510802925684 0.11635106310718239 -0.026617537214284972 0.9928514172958977 187.8884712768863
0.9925762904056917 -0.030202082473038534 -0.11781401418662987 -6.427989030988858 0.03285639968473135 0.9992466821086604 0.020652488823164252 -1.7968338835031323 0.11710151461118175 -0.024370115082319888 0.9928208966206542 189.66944262940925
0.9925730653215832 -0.027688525785172318 -0.1184569775824098 -6.644478919998007 0.03000744156820346 0.999390510008511 0.017837094927674168 -1.801768746545049 0.11789089637731374 -0.02125921082194375 0.9927989637920557 191.4633168886491
0.9926111010702091 -0.023534569936634754 -0.11903497826304729 -6.8486686484525015 0.02569308660120504 0.9995315239644941 0.016631232729980006 -1.8103080749790903 0.11858780431852785 -0.019566722237345378 0.9927507623002839 193.12860803249154
0.9926652325612009 -0.018981394735054776 -0.11939615872434178 -7.03708935945683 0.0212696239418585 0.9996131657871221 0.017919873950977574 -1.8168479188500695 0.11900982800419502 -0.02032794723918375 0.9926849628152177 194.64317278470995
0.9926525497589619 -0.015969313068983547 -0.1199412210090256 -7.228248435479037 0.01852812815718907 0.9996232711047675 0.0202490575779474 -1.8219693689963883 0.11957267214552784 -0.022322564949150466 0.9925744703396651 196.19250528214914
0.9925709682215609 -0.01555497559284435 -0.12066861969053276 -7.429000224852168 0.018378742771765662 0.9995818561567003 0.022323410502310154 -1.8251236701562985 0.12027092274461715 -0.024375306698201656 0.9924418116774023 197.8388368598118
0.9924886451683594 -0.01645561115433597 -0.12122500597405943 -7.619742561947194 0.01940786450170567 0.9995421385361112 0.023213101605352254 -1.827598588503241 0.12078751594166039 -0.025391458252614525 0.9923535911359651 199.4179645219219
0.9923407551008041 -0.01875932715555603 -0.12209796644758514 -7.798469820546823 0.021812888056946537 0.9994806313071157 0.023720572432883745 -1.8278724091669536 0.12158957060776186 -0.026202200033573153 0.9922345594831989 200.90215141711278
0.9921430357035903 -0.019941702677586978 -0.1235092109892297 -7.973195337840912 0.022593589136576175 0.9995424993347409 0.02010775356886788 -1.8280646550440747 0.1230517225998519 -0.022740284034669624 0.9921396842417044 202.32359904433184
0.9919303694079686 -0.018686395337443106 -0.12539920604000188 -8.160874702393844 0.0207980564439379 0.9996627408513216 0.015551379417197135 -1.830408494328506 0.1250663147866955 -0.018033945295348783 0.9919844725209951 203.79314132199744
0.9917295433381055 -0.015024429052524036 -0.1274628549893584 -8.379741949141648 0.017022487145076256 0.9997484949119861 0.014600748358004146 -1.838831383361211 0.12721142952497713 -0.0166497283120091 0.9917358714624301 205.46094304586057
0.9915066939937299 -0.010865552312488607 -0.12960098587035618 -8.612460157549158 0.013032528336046987 0.9997889037911397 0.015883987574944233 -1.8495474414159074 0.12940103929564784 -0.017438108528605466 0.9914389963079667 207.20577947383634
0.9912920673390577 -0.00811149392341542 -0.13143150648526988 -8.846138925525526 0.010704791087088274 0.9997614782931754 0.01903664804597618 -1.858393126842615 0.13124574156306526 -0.02027782501588784 0.9911424545110478 208.94954693647168
0.9910560571623883 -0.0071864512831039794 -0.13325256650322365 -9.088382233703934 0.01014105940224746 0.999717251680965 0.02150757089160996 -1.8634413883083225 0.13306032645360724 -0.02266653059939062 0.9908487159575089 210.75357449714127
0.9907866813423938 -0.008271114987138091 -0.13517892118002206 -9.33369987120568 0.01138352688951604 0.9996872343222077 0.022267663747469652 -1.865095310420359 0.13495246344576567 -0.023601317549752327 0.990570951734318 212.57320749242143
0.9905154166180249 -0.009808576299582802 -0.13705109001024118 -9.58625004841309 0.013046456892606426 0.9996561208245315 0.022747089057692235 -1.8663917081793584 0.13678084443579555 -0.02431937353273066 0.9903027661611392 214.42729625180277
0.9902078202877014 -0.012454057189768091 -0.1390444860488612 -9.844553732017333 0.01583387572877893 0.9996048016390807 0.023227761827144033 -1.8668874953100165 0.1387002560216942 -0.025201924521887766 0.990013687774016 216.31074817216168
0.9898847972356469 -0.01512315747824807 -0.14106515625635319 -10.09803728660085 0.0185875723555669 0.9995563201732994 0.02327369664531464 -1.866327582744817 0.14065059671280372 -0.02566033728343554 0.9897267081042271 218.13055067285183
0.989582733063008 -0.01821613402087126 -0.14280821714761563 -10.348346041338601 0.02190493032535689 0.9994646785465939 0.02430083054536322 -1.8663107975069142 0.1422891016592209 -0.0271758863532885 0.9894520113426033 219.909629313948
0.9893279620102973 -0.022075238005079052 -0.14402384334397683 -10.609020820793504 0.026092909898485 0.9993196119974327 0.026066705398449398 -1.8661851439808081 0.1433504225232028 -0.02954652169577864 0.9892308423305948 221.75888645843892
0.9889732884070493 -0.02573311370165125 -0.14584115220528152 -10.868556949106981 0.029870259201284947 0.9992090762331334 0.026248611174219078 -1.8633790804186432 0.14505034447595844 -0.030315488327671253 0.9889597407047762 223.573885541865
0.9887748584412168 -0.023192952870375608 -0.14760205368389423 -11.136788945841916 0.026814211751287776 0.9993851259547437 0.022591327286751985 -1.861330044212461 0.14698733742301653 -0.02629556916236226 0.988788787193563 225.35072012639844
0.9887074176429713 -0.0176509389004752 -0.14881561293660522 -11.431633518712944 0.020419917436867645 0.9996452571125373 0.01709932467320385 -1.864211412493126 0.1484610025213264 -0.019945031670564446 0.9887171114338115 227.25708809003956
0.9886013685509651 -0.008616907470897564 -0.1503099564393374 -11.734561332302938 0.011255511747060229 0.9997969821707904 0.016712507217382384 -1.8753061040212722 0.15013543070997354 -0.01821382298742517 0.9884976525504301 229.17215615908677
0.9883614826623969 -0.001544704073843903 -0.1521157239693254 -12.030949884031683 0.0047447616108154955 0.9997749645837531 0.02067625277489241 -1.8848670576861999 0.15204955385217095 -0.021157364695986204 0.9881463955773327 231.04227491464798
0.9881088247739634 0.00017819156871504914 -0.153756036146815 -12.321424529733502 0.003421130168732336 0.9997262787713851 0.02314440326054465 -1.8868104564674253 0.15371807399321777 -0.023395208519758015 0.9878377487958891 232.89987925210463
0.987938495846758 -0.0012126494318546019 -0.15484204178904432 -12.621643266724613 0.004922161447566191 0.9997099394788046 0.02357560675716518 -1.8859319502660767 0.1547685392795602 -0.024053407006904882 0.987657902748026 234.83363412981333
0.9876797905314142 -0.003508672158134961 -0.15644909905623441 -12.930861213460364 0.0072552250563045475 0.9997002581583413 0.02338280452656167 -1.883955493685973 0.1563201621199359 -0.024229796900340484 0.9874091977781869 236.81786005806794
0.9872944345905788 -0.006171904198678948 -0.15878163314763757 -13.239071598702873 0.00995924545258379 0.9996842938796727 0.023067856430865955 -1.8827209618417815 0.15858913221429702 -0.02435611153000787 0.9870442072038373 238.7736737705109
0.9868618380025008 -0.005864735696213765 -0.16145995655127182 -13.570921944612838 0.009627788726611205 0.9996997194146289 0.02253390082848222 -1.8821470847457802 0.16127931788844077 -0.023792349138445492 0.9866219669883249 240.81566160188487
0.9863738433925703 -0.0049980961628716255 -0.16444348605437373 -13.909204155426453 0.008870478884554485 0.9997001792055148 0.02282249549939921 -1.882159407144157 0.1642801134505542 -0.023970205072299876 0.98612244350966 242.85545754516744
0.985883681379074 -0.004147623274027227 -0.167380297561036 -14.239394830410106 0.00828936567533789 0.999676307164493 0.024053426173067115 -1.8816669809454258 0.16722635320769483 -0.02510135683861345 0.9855989390607695 244.80859672431
0.9853911488005485 -0.004860889249276403 -0.1702370571328132 -14.570960754004249 0.009051186630219261 0.9996746442066126 0.023847049103971285 -1.8793502321106488 0.1700657516554093 -0.025039518487553734 0.985114542897317 246.74784510587705
0.9849196454266996 -0.0055608157574419175 -0.1729230157632432 -14.907354886819977 0.009596261383451245 0.9997005742093406 0.022509413430268466 -1.8768142390721905 0.17274606745163124 -0.02382937795298174 0.984678098124645 248.67995520004766
0.9845090921846207 -0.006485278513004881 -0.17521355132643746 -15.242080678604763 0.01055777142636141 0.9996951093978476 0.02232088055015493 -1.8764993492412725 0.17501537323424493 -0.02382497447289994 0.984277394702856 250.57850927590417
0.9841747148697085 -0.005596196868369873 -0.17711243093509269 -15.583680811143612 0.009752451497799072 0.9996969073077148 0.022604937716651768 -1.876768217774346 0.17693224776990366 -0.02397448852428503 0.9839309953442298 252.47678577152982
0.9839091238028309 -0.00561504095417015 -0.17858137476407834 -15.93430865589752 0.009820745240871318 0.999694644200455 0.0226753460798249 -1.8769193873014616 0.17839952090871508 -0.02406428207964903 0.9836638253323797 254.41585106897864
0.9836435770714337 -0.006240116163876508 -0.18001770534137837 -16.295796700582468 0.010458060578875227 0.9996923409224003 0.022491164265554562 -1.8766965662058557 0.1798219737825234 -0.02400592533840152 0.9834062097086853 256.4040859143075
0.9833689344304584 -0.004906202352481129 -0.1815529343623524 -16.649257508313962 0.009090370016354503 0.9997117409566977 0.022221614844430346 -1.876876151171601 0.18139157634815858 -0.023502429061800216 0.9831300686369647 258.3146017110988
0.9832051431278223 -0.004641624163427057 -0.18244479124415544 -16.99503818585666 0.00883753510434047 0.999714666405596 0.02219197482936784 -1.8764789540323474 0.18228972680948718 -0.023431626035621912 0.9829656221867819 260.1784219800906
0.9831187020163333 -0.005588769041364646 -0.1828835241521833 -17.338235432738532 0.009838804770674102 0.9997020178192841 0.022339952746969465 -1.8762091346715521 0.18270417528454144 -0.023762180637613012 0.9828807369691094 262.0334797644967
0.9830493176625232 -0.006892394347064453 -0.18321171890305446 -17.677912197298323 0.011191687982692228 0.9996854875583193 0.022442639893378285 -1.8757940317018584 0.1829994130136633 -0.024112670226466924 0.9828172739483177 263.8698323176953
0.9828604256641604 -0.008409024865019588 -0.18415936567029223 -18.022092676865697 0.012653487829657988 0.9996804232225698 0.021884713187259573 -1.8751841727141934 0.18391648351632214 -0.02383987681099457 0.9826527297904509 265.72498660834304
0.982637534412158 -0.00935656852641075 -0.1852995698586619 -18.36807822071626 0.013704587785517721 0.9996596612099203 0.02219788330666021 -1.8754555674833508 0.18502880921095383 -0.02435192754337208 0.9824313326573498 267.5752582477043
0.9824524808410685 -0.011088055572609373 -0.18618318375419302 -18.7150062163771 0.015579435313172633 0.9996214310579282 0.022677649018839875 -1.87499343870545 0.1858612495507106 -0.025180341405901235 0.9822533004893024 269.42736630161664
0.9822828253844478 -0.011380103429639667 -0.1870586651312263 -19.059819778231212 0.015967379616607137 0.9996071443126815 0.023034752597422024 -1.8741040859484421 0.18672304020373243 -0.025613478580153524 0.9820786404214767 271.2462255992107
0.9820869248397142 -0.01176928699731166 -0.18806051138515809 -19.3978223686399 0.016331315337863736 0.9996083038953277 0.02272722866607869 -1.8723450976078786 0.18771936553858126 -0.025391389624829147 0.9818944531540592 273.01926007659995
0.9818609884643416 -0.011693253937375641 -0.1892412934435304 -19.73440273580499 0.01614863881719886 0.99962713228301 0.022018580063108875 -1.8711512923330929 0.18891326262646557 -0.02467517408246444 0.9816837143336036 274.7700940561969
0.9817504283709736 -0.011006971326859936 -0.18985505780889142 -20.08368879989044 0.015572736462350452 0.9996238908520955 0.022573584491394665 -1.8709376660468382 0.1895351847876324 -0.025118189025597256 0.9815525917176257 276.5739793536911
0.9817087360008515 -0.01001195560173663 -0.19012553327903425 -20.43899088737395 0.015034398704997063 0.9995745814833965 0.024992457019465602 -1.8704976406752898 0.18979442698664112 -0.027393736461452378 0.9814416226589784 278.40494180982944
0.9816913244687274 -0.009699328652483135 -0.19023161274226966 -20.7857730208105 0.014787498026816594 0.9995693628611103 0.025345980579545402 -1.867659973220173 0.1899038529491716 -0.027694978843157025 0.9814120005287953 280.1915149029174
0.9817045782996798 -0.009874385786891206 -0.19015419388164254 -21.116333429519813 0.01468572331901588 0.9996062485631554 0.02390977549225377 -1.864402336003869 0.18984322604729129 -0.026264887946159315 0.9814630432090289 281.8956781005124
0.9817064561661631 -0.009988316598842637 -0.190138548046398 -21.432746561740473 0.014441211063712838 0.999652607209902 0.022048045751412393 -1.8626668834473052 0.18985227242433622 -0.02439053976369443 0.9815096618094734 283.5255570028005
0.9816508012529674 -0.008804155007389586 -0.1904840971157728 -21.744930512821323 0.013298228214936194 0.9996622627626112 0.022327506235085545 -1.8634114912721085 0.19022318871722432 -0.024450915380413968 0.9814363408857993 285.1242325083101
0.9815779083931749 -0.00914157086780355 -0.19084349985406052 -22.048315639795707 0.01381113920607966 0.9996365462956259 0.02315227297655725 -1.863370176520277 0.190562488932917 -0.025361525825936766 0.9813474057740551 286.68716547767684
0.9815527876006696 -0.007847012790435896 -0.19103023201477726 -22.36400316057911 0.012605007850144033 0.9996395377528892 0.02370460584539589 -1.8627540801315463 0.19077536248281815 -0.025675259520684567 0.9812978865350166 288.2974263232473
0.9815074913102768 -0.007842382649004066 -0.19126301664511938 -22.690858280474252 0.012609633378708265 0.9996390970635325 0.023720724442086664 -1.8610367449386802 0.19100796226298825 -0.025693825258015588 0.9812521519445174 289.9728087975502
0.9814143648409912 -0.00688018457754211 -0.19177723416487855 -23.021178172911206 0.011608888952199343 0.9996553835509453 0.023544592476947162 -1.8600360428696756 0.19154915343338685 -0.02533332188618309 0.9811560246062595 291.6568560998735
0.981249925167123 -0.00569121590943953 -0.19265563687830745 -23.353283543133838 0.01046115977878242 0.9996631765998315 0.023750736544687793 -1.8581583608702394 0.19245557538194855 -0.02532080985680601 0.9809789539498766 293.33916850967705
0.9811149165324321 -0.005193229395878361 -0.19335602117854866 -23.676012803657315 0.009992802797413668 0.9996654746392915 0.023855454438156416 -1.856115360589145 0.19316745183857856 -0.025337110779264847 0.9808386036283162 294.973426451546
0.9809771838570527 -0.006952946701268337 -0.19399850845832453 -23.99440535750442 0.01185335152274712 0.9996390221027923 0.024110652148999656 -1.8533167006817026 0.19376083920535514 -0.02595153216172783 0.980705488497383 296.5997349316997
0.9808295340834196 -0.007569328914861082 -0.19472064690083501 -24.323314944284284 0.012668709711447157 0.999608270050752 0.024956166380045625 -1.8496117772748795 0.1944554675599226 -0.02694460439346033 0.9805412074105437 298.2643036524368
0.9806489260243997 -0.01007946786667962 -0.1955149309252759 -24.661324566744774 0.015478247181761044 0.9995393724379432 0.026104919278596855 -1.8449474121431888 0.1951617476642673 -0.028625989483096 0.980353224595471 299.98455060704686
0.9804464130258228 -0.011808429202792828 -0.19643164761453213 -25.00705236976739 0.017115917351300202 0.9995322579732625 0.02534384824950918 -1.8392165723910932 0.19604049723978098 -0.028210392954252102 0.9801899291317686 301.72852501065955
0.9802922851793392 -0.013357346277451826 -0.19710052490618188 -25.36036496263203 0.018498079829726934 0.9995344374278575 0.02426374741024817 -1.8334459239883514 0.19668466300268878 -0.027431545640002084 0.9800829830393519 303.49990285047903
0.9801164893655661 -0.015003369722858503 -0.19785491191950796 -25.721382738588723 0.020563919120217954 0.9994483421313825 0.026079429465514118 -1.8304552360016433 0.1973544843780708 -0.029629551258647205 0.9798843284735562 305.3102405630279
0.9798481340100192 -0.016233406015051206 -0.1990831755981218 -26.078513279611318 0.022267670046377176 0.9993568189892928 0.028108703461845953 -1.8254814808298028 0.19849882908417316 -0.031975379102534666 0.9795793944257181 307.08958146002544
0.9795218816252839 -0.017870130172075054 -0.20054311722144666 -26.42480239307082 0.02381407822566055 0.9993445145998338 0.027265927775943312 -1.8174132114648027 0.19992441845738584 -0.03148332236048043 0.9793053800105547 308.7989320637012
0.9792619799267691 -0.01927742718544793 -0.2016788423980387 -26.771070129212582 0.02507315241688881 0.9993416517348902 0.02622213064683365 -1.8110007223480775 0.2010405722678451 -0.030735059929824445 0.9791006303712213 310.4958905919189
0.9790637880585709 -0.01873860367277919 -0.2026893279005957 -27.120843180288627 0.02453021222949515 0.9993583400670447 0.026099364482977196 -1.8060898246035952 0.20207020463288652 -0.030524954886680323 0.9788952239789428 312.1873412690134
0.9788706800992545 -0.016835926933279996 -0.20378602308872698 -27.4746174974169 0.02270683444602795 0.9993907520150381 0.026505177914050868 -1.8014572539986875 0.20321562762608242 -0.03057247701956886 0.978656595715484 313.87809790029627
0.9786930698083924 -0.015298620182339911 -0.20475797256649153 -27.826222742755075 0.021101745701941045 0.9994342969858502 0.026187828026168775 -1.7962988686275403 0.20424150272986688 -0.029950596470088502 0.9784622477815517 315.55013103359926
0.9785530177201988 -0.014016760276918859 -0.20551769252799204 -28.168992442694314 0.019784906900627033 0.9994651409664355 0.026038230582651298 -1.7916224474106544 0.20504279789747412 -0.029545937525845816 0.9783069500959755 317.17479465970797
0.9784012534963518 -0.013987731819090517 -0.20624095256598132 -28.504197829033163 0.019822266259934534 0.9994588430175988 0.026250692833556574 -1.7866925439205161 0.2057621561830222 -0.029771873848964864 0.9781490533709216 318.7658258643345
0.9782820009401859 -0.013266454615431937 -0.20685339692255775 -28.836136541365676 0.018896105090968507 0.9995022190923866 0.025263634769858222 -1.7820400234878007 0.2064152703867997 -0.028623682700351438 0.9780457151584527 320.3290810880121
0.9781262734777948 -0.014133870433952395 -0.2075312671358155 -29.163383443635148 0.019756826628945175 0.9994910332457715 0.025046801449548746 -1.7783162924781142 0.2070716323739077 -0.028599093829272965 0.9779076801509154 321.87877934858017
0.9779852396736182 -0.01441824671672959 -0.2081753711228832 -29.491646269085813 0.02006723887940572 0.9994847867823163 0.025049289699788112 -1.7745886174982082 0.2077069495811142 -0.028675340491833012 0.9777707031525241 323.42341638001324
0.9778304345627374 -0.014602931124127161 -0.20888847657405576 -29.824611988505634 0.02059177157381912 0.9994360682948603 0.026524033154129413 -1.771244599724863 0.2083833491099937 -0.030237390659474863 0.9775797052004523 324.986135259351
0.977588953211009 -0.01563820601341196 -0.20994114668754996 -30.135281026433084 0.021778419079013542 0.9993990536037222 0.026967241579400555 -1.7669443746298437 0.2093932640325857 -0.03093506374108473 0.977342050056739 326.442418746102
0.9773234489576664 -0.016639220369165722 -0.21109716355980768 -30.44909362211547 0.022314992877566324 0.9994499292314832 0.024533243814390846 -1.7618810052794764 0.21057283113061864 -0.02868754616011138 0.9771571559810338 327.90008744280135
0.9769479408536393 -0.0175014954669592 -0.21275906212956475 -30.77649469936403 0.022752380153409777 0.9994933613716391 0.022256454600310508 -1.758993830574455 0.21226174893085828 -0.02658417255513067 0.9768511819670216 329.41068679631985
0.9765971520030363 -0.01744096239688405 -0.21436841075640412 -31.111245645322555 0.02279787093846018 0.9994859206026927 0.02254221811756376 -1.7586616515162146 0.2138650503944701 -0.026901809375151364 0.9764927203374884 330.9409069437505
0.9761485944815834 -0.018175696656627157 -0.21634131723430255 -31.45540087905262 0.02367075926349533 0.9994589655672419 0.022835746170140114 -1.7574896929005133 0.2158092135371345 -0.02741204476692115 0.9760506970204847 332.50663443823095
0.9757134611312342 -0.017757706423834944 -0.2183298093020505 -31.79825961971522 0.023185590181988736 0.9994819003592373 0.02232396161524424 -1.755917452960027 0.21782027034970305 -0.026843895336759904 0.975619667241249 334.04121529569704
0.97530291962378 -0.017449047388983393 -0.22018116567623244 -32.14734680450333 0.02284483210514958 0.9994972930138718 0.021983514369368434 -1.7548740440177382 0.21968688768202585 -0.02647058751062605 0.9752112485904892 335.59065607086234
0.9748495147192454 -0.01719379545488065 -0.22219990335169873 -32.496182473238534 0.02273104490664885 0.9994909397978751 0.0223866223314397 -1.7542896296559434 0.22170187921869414 -0.026874423897347555 0.9747440905648409 337.1270321308006
0.9744094838706681 -0.016929858138165308 -0.22414178023366443 -32.854109741279316 0.022546653958700227 0.9994920454312421 0.022523310479059755 -1.7528614488717815 0.22364660994113314 -0.027000574495574938 0.9742962397745055 338.6878286924878
0.9740174137978722 -0.016732614958108342 -0.22585415031644912 -33.21889798770371 0.0226784172046881 0.9994605049653265 0.023756860220634685 -1.7513411017285385 0.22533478872910773 -0.028261610200346954 0.9738714054623873 340.2677934640702
0.9737355235552982 -0.01464914306895089 -0.22721032717249334 -33.58408623757926 0.020997601841924937 0.9994530268906361 0.025548928666998774 -1.7488531210156033 0.22671177932205916 -0.02964877141617857 0.9735105132817676 341.8244965673494
0.973469021378914 -0.014377713689474091 -0.22836669145179547 -33.95020154493457 0.02072935949331464 0.9994614305784664 0.025438994497433382 -1.744553241189997 0.22787794555545074 -0.029497968321683228 0.9732427815269494 343.38566554032025
0.9732715911003542 -0.013167637339538466 -0.22927935642764713 -34.31408337504586 0.01945981165105862 0.9994929123626487 0.02520384628056171 -1.7408733794892868 0.22883121659311909 -0.028991920662889033 0.9730342968512381 344.92287784123397
0.9731323866445734 -0.01359179249829435 -0.2298447764038096 -34.6727738677935 0.019940111833265595 0.9994805134573759 0.025319857010975378 -1.7375126579146445 0.2293812328929958 -0.029222703428373725 0.9728978793279492 346.4463674257175
0.9729905537233855 -0.01480305206249489 -0.23036981576302976 -35.052065596401924 0.02097273884030503 0.9994833327805558 0.024355938072848367 -1.7330863185601224 0.22989024901155242 -0.028529583654640457 0.9727983019443928 348.0568830003568
0.9728169020240519 -0.0165915426292864 -0.23098050967452843 -35.44026493102089 0.02237448837951085 0.9994978011094794 0.02243942617516217 -1.7299445903508042 0.23049220682287608 -0.02699752378452494 0.9726995817329313 349.70446892444954
0.972678883389964 -0.015973272546009425 -0.23160449989458715 -35.83133652444036 0.021528320381457113 0.999537519882661 0.021477378060931474 -1.72947940229698 0.23115432340495876 -0.025876647985968785 0.97257291647475 351.3454327122181
0.9724747071858476 -0.015331786977667034 -0.232503505762536 -36.23482840867414 0.020613940359978943 0.9995812824312508 0.020305794146776197 -1.729772103059481 0.23209482834960676 -0.02453968461833725 0.9723835634831525 353.0319930564691
0.9722736748376433 -0.014493204179165314 -0.23339633298388388 -36.64311672834879 0.01987702293313999 0.9995874671391034 0.020731606251022328 -1.7315378809133446 0.23299958192455714 -0.024796019258200002 0.9721606617488303 354.73280539154916
0.9721338965554768 -0.012283362058420767 -0.2341042634904483 -37.04911195386645 0.018336827229383585 0.9995509615038689 0.02369886334512207 -1.7330041862982035 0.23370803994519151 -0.027331197800915752 0.9719226089003892 356.4121761088698
0.9719521062007732 -0.012377406874456027 -0.23485293920013592 -37.43804114602543 0.01922917432479302 0.9994529750725639 0.026907052484195774 -1.7306888690048405 0.23439142925172263 -0.030668394442238293 0.9716584314848838 358.0310313962857
0.9717674624218904 -0.012806707466379429 -0.23559284204319134 -37.82179039084407 0.01992438663932223 0.9994133587402945 0.027856008121948553 -1.7245384750422634 0.23509788981435864 -0.03176360520019486 0.9714525493247298 359.62148907425205
0.9715096460327177 -0.01472245733827424 -0.23654229413638428 -38.21153902028968 0.021662282601651046 0.9994069763502926 0.026766418042979353 -1.7168015336628637 0.23600795151406923 -0.031127879341323876 0.9712524398681525 361.2371138235238
0.9712248343263268 -0.014347492710495714 -0.23773193020862635 -38.60170574629617 0.021271105821814185 0.9994202490264312 0.026583940510450467 -1.7107212640079579 0.23721269199794962 -0.030875804262695043 0.970966952818793 362.8317259605206
0.9709363272891067 -0.014075530054484097 -0.23892368615108772 -38.98304234815494 0.02113365315860546 0.9994118712372061 0.027005190877268447 -1.7056808286913445 0.2384030558833295 -0.03126965116260894 0.97066275907838 364.3837704448363
0.9706599219760762 -0.014186203881731226 -0.24003763765047523 -39.37637110581573 0.02133220217809448 0.9994024194873118 0.027198181430742964 -1.69978913272327 0.23950835688891486 -0.03152071608216828 0.9703824974915992 365.9786763680971
0.9704241454621145 -0.012479954237739305 -0.2410834474748236 -39.79241650771981 0.019542303972619576 0.99944640624937 0.02692544132712782 -1.6935858566385675 0.2406139569093278 -0.030840424404388417 0.9701308117790031 367.64567102220747
0.9702180507443683 -0.012081834737409173 -0.24193173268336135 -40.22974881427077 0.018996069337867356 0.999474456398685 0.026267096456655786 -1.6876760412046805 0.24148723229087382 -0.030080563091974443 0.9699376662263184 369.40069646293904
0.9699852988487688 -0.012794561915691654 -0.24282672670578753 -40.692437794937895 0.020186045021668618 0.9994047678494417 0.027975589112402555 -1.6817318376684673 0.24232425302401098 -0.03203762140341164 0.9696662040161864 371.263403413477
0.9698952221636241 -0.013344240564201889 -0.24315671750526793 -41.18299234180413 0.021306308976207684 0.9993184548396122 0.030144104146251426 -1.67330896791781 0.2425887450439166 -0.034417394740659656 0.9695185112813874 373.23769478209726
0.9697180101168789 -0.01577071684547739 -0.24371759342554328 -41.708126397548206 0.023510969298449008 0.9993062699284585 0.02888274925137719 -1.657301749162595 0.24309301754185797 -0.0337381589872701 0.9694160724119124 375.348778945161
0.9695976056510347 -0.014962512199499843 -0.24424701911069066 -42.22840403060384 0.02301932315693707 0.999279828410821 0.030165133724819618 -1.645773466816576 0.24361977316542843 -0.03487044249675597 0.9692437559060673 377.4259972340928
0.9694884635244088 -0.012885351747256411 -0.24479805310383482 -42.73472137008305 0.02059289416660821 0.9993686622433757 0.028951850298860566 -1.6292194058154055 0.2442704480753277 -0.033109585262190065 0.9691417355376036 379.41968891874535
0.9692737640143224 -0.012357608769513438 -0.24567388933096757 -43.21690374248016 0.019196853317827348 0.999491419769248 0.02546335858337751 -1.618326999502327 0.24523427822431085 -0.029397131036063492 0.9690180377426644 381.32271271418443
0.9689005548101464 -0.010634965160139868 -0.24722178788413948 -43.68160270988295 0.017805008302762715 0.9994826406549255 0.02678493436233711 -1.6114755870004125 0.24680902853811162 -0.030353723750122758 0.9685886406966422 383.1438740848765
0.9687387050742653 -0.009342469990081594 -0.24790732047585204 -44.13360664387337 0.017364014726220726 0.9993933350351044 0.030190277905268716 -1.6034683868770878 0.2474748720246562 -0.03355115708726287 0.9683132280282446 384.914673011687
0.9688310292334056 -0.00717776570978486 -0.24761848976591472 -44.585590397033755 0.01595220980680496 0.9993131680249718 0.033447260189323647 -1.588904041884956 0.24720834087226234 -0.03635480561505003 0.9682801063286742 386.67546641027866
0.9689282220238729 -0.007719654317862972 -0.2472215757228053 -45.0074938880331 0.01628023530827385 0.9993358198288647 0.03260173531082105 -1.5716525792229172 0.2468057019275715 -0.03561356685565628 0.9684103569003434 388.3310302110179
0.9689609590243756 -0.007995873528781557 -0.2470844509334237 -45.42130162269732 0.016163902439895003 0.9993872200787718 0.031046941896694377 -1.5558617041282756 0.24668479512218275 -0.03407712355429795 0.9684964437238714 389.953498483413
0.9690208132764315 -0.008189702600370483 -0.24684325433035129 -45.85656443997422 0.016878603860043098 0.9993093572755861 0.03310470046971201 -1.5412993427805903 0.2464016561811562 -0.03624551327779887 0.9684897968478587 391.6700427990563
0.9690407718026076 -0.009272140520555309 -0.24672658955688537 -46.30903699002898 0.018422882202214306 0.9992242675271434 0.03480604252433709 -1.5222285406579084 0.24621246921219894 -0.03827388920673856 0.9684598749609697 393.4614947711289
0.9689802467711964 -0.009306356749132168 -0.24696289820798445 -46.758303695724386 0.018372128360820594 0.999238225739621 0.03443011937573027 -1.5006405774573488 0.2464543492550353 -0.03789933963529422 0.9684130801411558 395.2302481473658
0.9686613765860514 -0.010212240384713694 -0.2481750343139674 -47.190733030119716 0.019241383016948423 0.9992371437474801 0.033983815780047034 -1.4796004710189234 0.24763866154138603 -0.03769404066562649 0.9681189248270503 396.92907690430314
0.9684129304057131 -0.009174323199825384 -0.24918312145256213 -47.608878119748226 0.01830502097105936 0.9992422136645616 0.03435003112072111 -1.4608185962403242 0.24867915560067805 -0.03782631656096815 0.9678470164985568 398.5527526664699
0.9682978543614872 -0.010376909769392663 -0.24958282189000033 -48.03062240191222 0.019722168167792098 0.9991936753634583 0.03497192011348421 -1.44064893546395 0.24901867665237293 -0.03878554959389479 0.9677217471055379 400.2005416606343
0.9683135475099809 -0.010096183586916907 -0.2495334462263782 -48.475687841905206 0.019548619501274126 0.9991809039181414 0.03543123933647561 -1.4191184794592449 0.24897133406122862 -0.03918658344769899 0.9677177721285596 401.9318972132628
0.9682114838137338 -0.01077050982781589 -0.2499010178635843 -48.928597698001546 0.02010225729589529 0.9991914229853843 0.03481952733814275 -1.3947904179646968 0.24932392958321545 -0.03873624078935594 0.9676451218224003 403.6948260375092
0.9680164673398823 -0.010867952561224215 -0.2506511650999059 -49.39586183718007 0.02050993431210686 0.9991453431237172 0.035887684638356454 -1.3721955403817963 0.2500469187039232 -0.039880708636081674 0.9674120464028514 405.5100049202748
0.9676930241430801 -0.010354607719388944 -0.25191862401139803 -49.87757185406437 0.019951996958143196 0.9991679055061093 0.03557266399801544 -1.3457655175041594 0.2513406629302167 -0.03944969842104024 0.9670944072076327 407.366691115074
0.967252131259962 -0.011866159087673148 -0.25353995511864735 -50.33608473871391 0.021434098921014857 0.9991571415516677 0.035008368852940515 -1.3213176035284753 0.252910841951277 -0.03929631986338432 0.9666912150571583 409.1335495241915
0.9667804792186667 -0.012848635256139208 -0.2552849732627802 -50.779088621225554 0.02299868710701541 0.9990574368220724 0.03681437656491539 -1.2983869056708877 0.2545713365504398 -0.041462639840758805 0.9661647292798226 410.8299885827241
0.9662774993355028 -0.014633999754493879 -0.2570868342197072 -51.22616708783202 0.0254324551795956 0.9989260794832685 0.03872825779354104 -1.272912188455536 0.25624399407881465 -0.04396059348292034 0.9656119726469635 412.5359828307498
0.9656402734510438 -0.014964516290557757 -0.2594512006940458 -51.68130106687318 0.025790471025161125 0.9989306277758039 0.03837254872610863 -1.2436811614289984 0.2585995241559674 -0.043745447118836066 0.9649935864878456 414.2428265036497
0.9649627062590344 -0.013502452915936589 -0.2620394231685227 -52.124899165325544 0.024357195380139834 0.9989724426213469 0.038220229150962015 -1.2159668075990844 0.26125409578120085 -0.04326364118276758 0.964300033593876 415.87589559184596
0.9642376038466276 -0.011154932595026885 -0.2648044765613166 -52.533471855005416 0.022380725096521375 0.9989723120011392 0.03941348752966507 -1.1917542297615074 0.2640926853819817 -0.04393048296909024 0.9634963239129823 417.3594258622131
0.9634344900488606 -0.009925454181487721 -0.2677600955026369 -52.901882521470505 0.02156982160478403 0.9989433784901646 0.04058163829359057 -1.1688889826615458 0.2670743832347607 -0.04487328748760455 0.9626305947193976 418.6817351808818
0.9626687039465777 -0.009290293009038143 -0.2705229322952515 -53.26610837086065 0.020967940824028402 0.9989672356784849 0.04030890098334683 -1.1451172800619367 0.26986906436161784 -0.044476426303058876 0.9618692923697524 419.97572739608336
0.9620350154963687 -0.010009573905931284 -0.27274243782206303 -53.66125181957147 0.02167146650211869 0.9989734639984648 0.03977896135590046 -1.1194986892686578 0.27206428743689937 -0.04417948230942017 0.9612643740638256 421.3753817189709
0.9613869211868097 -0.009490476931993307 -0.2750365768739658 -54.071863603394384 0.021157249497153318 0.9989962160106107 0.03948330267587756 -1.0935441491334772 0.27438578418835924 -0.04377774827561432 0.9606226887760099 422.81119844233314
0.9607545160282451 -0.009860405015189635 -0.2772246964905328 -54.49042712711244 0.021731638368992213 0.9989720433163961 0.039781812000747596 -1.0674365979611873 0.27654745673235 -0.044245102386590754 0.9599811847581514 424.26815884589945
0.9602969758238104 -0.008323476706793533 -0.2788555862075478 -54.945454826966944 0.020265274299516238 0.9989953959837146 0.03996895621486848 -1.039013289284682 0.2782427660896309 -0.04403315272442082 0.9595009351636579 425.82868519508554
0.960005402457921 -0.006342152242912739 -0.27990963605516034 -55.41118417834072 0.018419979008165353 0.9990081317127464 0.040539575048906006 -1.0113451036702579 0.2793748944070375 -0.04407414068061733 0.95917002585481 427.4177749757183
0.9597497925375229 -0.006421388230389022 -0.28078301497308483 -55.871137984735086 0.018413195543848272 0.9990263514547558 0.040091187670878846 -0.9826046317036121 0.280252189918375 -0.04364762160979954 0.9589335718253678 428.99170161931136
0.9596665570812644 -0.005193326397958202 -0.2810927401778922 -56.33670210257331 0.0170544231752657 0.9990634443039649 0.039766580261023934 -0.9537927402096665 0.2806229603399385 -0.04295653170848138 0.9588563450870118 430.5728791312151
0.9596495327577175 -0.004305285900872173 -0.2811658563752112 -56.80766332371516 0.01615190170256706 0.9990759135837709 0.03983007617546256 -0.9257072089954441 0.2807345549612387 -0.04276427726577742 0.958832272214826 432.17473228650573
0.9595665079167933 -0.0029223132886813507 -0.28146683102883224 -57.258592593022115 0.015011870960991542 0.9990543384230292 0.040805301228801806 -0.8982412316423771 0.2810814127875071 -0.04338074415181819 0.9587029521297038 433.7050510969408
0.9595023108490389 -0.0016094397022323162 -0.2816961575513567 -57.70735808393879 0.013797729165653092 0.999051958506971 0.041289307008664934 -0.8698954805306375 0.2813626452555939 -0.04350395277706815 0.9586148694588149 435.2249541943115
0.9595250682903049 -0.0007769010350655035 -0.28162215777041993 -58.188271761108965 0.012791037292830302 0.9990844487927488 0.040824668344791204 -0.839226307689999 0.2813326015367914 -0.04277453220399357 0.9586565113257544 436.85541102751495
0.9595740042415686 -0.0008123973099622807 -0.28145527245800966 -58.686469256124475 0.012846641526298054 0.9990800530996049 0.040914683183235545 -0.8079998622459468 0.28116310957395624 -0.04287642136536706 0.958701683687683 438.55172699283804
